 

180  

471.169358 361.093030 569.505212 137.000000 130.000000 128.000000 10.000000 50.000000
 
126.478917 351.362180 685.573396 137.000000 130.000000 128.000000 10.000000 50.000000
 
181.042863 -118.985465 672.119899 137.000000 130.000000 128.000000 10.000000 50.000000
 
-269.219867 -22.257963 542.491173 137.000000 130.000000 128.000000 10.000000 50.000000
 
-44.830489 -127.117086 -382.713694 137.000000 130.000000 128.000000 10.000000 50.000000
 
568.695594 -248.488295 -46.314441 137.000000 130.000000 128.000000 10.000000 50.000000
 
713.249878 129.490813 295.140117 137.000000 130.000000 128.000000 10.000000 50.000000
 
233.397298 359.886450 -417.765317 137.000000 130.000000 128.000000 10.000000 50.000000
 
166.266752 -361.154508 471.381284 137.000000 130.000000 128.000000 10.000000 50.000000
 
-72.360948 583.634237 -204.240834 137.000000 130.000000 128.000000 10.000000 50.000000
 
214.049956 543.823364 -299.566986 137.000000 130.000000 128.000000 10.000000 50.000000
 
-256.856967 -293.314955 288.253357 137.000000 130.000000 128.000000 10.000000 50.000000
 
256.200772 -336.476784 486.037129 137.000000 130.000000 128.000000 10.000000 50.000000
 
251.089657 -286.070830 -288.975557 137.000000 130.000000 128.000000 10.000000 50.000000
 
-216.315113 410.416871 -267.644802 137.000000 130.000000 128.000000 10.000000 50.000000
 
-154.760285 -155.327942 -311.845316 137.000000 130.000000 128.000000 10.000000 50.000000
 
592.992668 382.202997 425.429546 137.000000 130.000000 128.000000 10.000000 50.000000
 
529.076565 172.378802 -324.194653 137.000000 130.000000 128.000000 10.000000 50.000000
 
315.271789 -291.429644 -260.093061 137.000000 130.000000 128.000000 10.000000 50.000000
 
-215.694042 470.984752 473.450881 137.000000 130.000000 128.000000 10.000000 50.000000
 
-415.099193 82.164295 357.996144 137.000000 130.000000 128.000000 10.000000 50.000000
 
-238.847826 585.960256 232.108869 137.000000 130.000000 128.000000 10.000000 50.000000
 
13.864780 -267.003758 560.695891 137.000000 130.000000 128.000000 10.000000 50.000000
 
647.102303 422.511931 8.700333 137.000000 130.000000 128.000000 10.000000 50.000000
 
659.813745 -161.720893 167.556403 137.000000 130.000000 128.000000 10.000000 50.000000
 
616.945950 -115.118055 -135.759405 137.000000 130.000000 128.000000 10.000000 50.000000
 
538.107064 -274.619372 -60.139010 137.000000 130.000000 128.000000 10.000000 50.000000
 
299.121426 -395.220676 368.540816 137.000000 130.000000 128.000000 10.000000 50.000000
 
672.476307 133.052829 398.658095 137.000000 130.000000 128.000000 10.000000 50.000000
 
569.145238 -259.320208 275.242213 137.000000 130.000000 128.000000 10.000000 50.000000
 
-322.058436 152.390464 528.087505 130.000000 134.000000 134.000000 7.500000 50.000000
 
660.468261 131.766043 -146.354122 130.000000 134.000000 134.000000 7.500000 50.000000
 
335.919367 697.401047 147.284386 130.000000 134.000000 134.000000 7.500000 50.000000
 
546.038051 -131.596248 -207.131900 130.000000 134.000000 134.000000 7.500000 50.000000
 
-374.542260 -123.894564 -63.300536 130.000000 134.000000 134.000000 7.500000 50.000000
 
-101.046110 371.564226 -366.180901 130.000000 134.000000 134.000000 7.500000 50.000000
 
-66.940798 -277.977192 -255.216027 130.000000 134.000000 134.000000 7.500000 50.000000
 
-384.494024 256.385864 -149.403598 130.000000 134.000000 134.000000 7.500000 50.000000
 
-191.102557 -331.051722 -67.544149 130.000000 134.000000 134.000000 7.500000 50.000000
 
181.555051 510.334423 -330.450728 130.000000 134.000000 134.000000 7.500000 50.000000
 
508.616593 -211.222994 446.202754 130.000000 134.000000 134.000000 7.500000 50.000000
 
416.321399 532.205011 -211.619481 130.000000 134.000000 134.000000 7.500000 50.000000
 
138.350772 -33.712771 -442.023169 130.000000 134.000000 134.000000 7.500000 50.000000
 
273.750415 337.087766 -411.977268 130.000000 134.000000 134.000000 7.500000 50.000000
 
154.422016 733.375411 121.643542 130.000000 134.000000 134.000000 7.500000 50.000000
 
358.318997 30.219294 -411.068804 130.000000 134.000000 134.000000 7.500000 50.000000
 
-183.360966 589.957830 -98.179591 130.000000 134.000000 134.000000 7.500000 50.000000
 
-441.338935 149.228570 -48.592201 130.000000 134.000000 134.000000 7.500000 50.000000
 
500.142964 172.238753 604.671844 130.000000 134.000000 134.000000 7.500000 50.000000
 
456.836439 -186.253881 -254.091991 130.000000 134.000000 134.000000 7.500000 50.000000
 
452.706632 272.632289 -352.458136 130.000000 134.000000 134.000000 7.500000 50.000000
 
725.799230 157.135093 200.992869 130.000000 134.000000 134.000000 7.500000 50.000000
 
270.907763 478.764407 604.406745 130.000000 134.000000 134.000000 7.500000 50.000000
 
-13.178289 -373.713059 419.880092 130.000000 134.000000 134.000000 7.500000 50.000000
 
-121.927653 643.445645 -58.347584 130.000000 134.000000 134.000000 7.500000 50.000000
 
463.051413 -194.247762 -241.939041 130.000000 134.000000 134.000000 7.500000 50.000000
 
496.373450 -305.706559 314.079531 130.000000 134.000000 134.000000 7.500000 50.000000
 
649.012298 -5.486985 -132.776340 130.000000 134.000000 134.000000 7.500000 50.000000
 
712.800603 11.273468 61.325004 130.000000 134.000000 134.000000 7.500000 50.000000
 
-351.855611 -110.254904 -127.064575 130.000000 134.000000 134.000000 7.500000 50.000000
 
605.305282 -161.303457 -93.739842 137.000000 139.000000 131.000000 7.500000 50.000000
 
7.605288 434.349360 -374.989885 137.000000 139.000000 131.000000 7.500000 50.000000
 
535.160655 -307.972954 89.972308 137.000000 139.000000 131.000000 7.500000 50.000000
 
-357.508462 405.624530 341.648383 137.000000 139.000000 131.000000 7.500000 50.000000
 
-363.454944 454.369707 231.433048 137.000000 139.000000 131.000000 7.500000 50.000000
 
529.188275 204.497807 580.331052 137.000000 139.000000 131.000000 7.500000 50.000000
 
-158.381087 -381.688442 90.582675 137.000000 139.000000 131.000000 7.500000 50.000000
 
-158.911665 659.395456 90.690490 137.000000 139.000000 131.000000 7.500000 50.000000
 
-315.777293 12.399516 503.780150 137.000000 139.000000 131.000000 7.500000 50.000000
 
16.796625 -252.561837 569.440961 137.000000 139.000000 131.000000 7.500000 50.000000
 
296.341995 -100.238908 -395.663910 137.000000 139.000000 131.000000 7.500000 50.000000
 
-445.114824 185.055387 -6.917488 137.000000 139.000000 131.000000 7.500000 50.000000
 
377.178570 -288.546986 476.713507 137.000000 139.000000 131.000000 7.500000 50.000000
 
336.446336 -263.870960 528.386648 137.000000 139.000000 131.000000 7.500000 50.000000
 
-422.881809 339.214863 211.289284 137.000000 139.000000 131.000000 7.500000 50.000000
 
-171.215559 -312.218707 378.800015 137.000000 139.000000 131.000000 7.500000 50.000000
 
441.201133 48.320541 -378.155091 137.000000 139.000000 131.000000 7.500000 50.000000
 
263.354511 -341.156239 467.874641 137.000000 139.000000 131.000000 7.500000 50.000000
 
179.344181 -165.927687 646.001044 137.000000 139.000000 131.000000 7.500000 50.000000
 
381.215655 505.076554 -276.856189 137.000000 139.000000 131.000000 7.500000 50.000000
 
-292.940342 461.073236 398.245454 137.000000 139.000000 131.000000 7.500000 50.000000
 
716.394406 142.981439 -24.840529 137.000000 139.000000 131.000000 7.500000 50.000000
 
299.776851 659.612386 380.932872 137.000000 139.000000 131.000000 7.500000 50.000000
 
186.241840 -280.916943 556.728790 137.000000 139.000000 131.000000 7.500000 50.000000
 
-35.773384 237.777368 697.032145 137.000000 139.000000 131.000000 7.500000 50.000000
 
437.344506 488.255587 515.465490 137.000000 139.000000 131.000000 7.500000 50.000000
 
382.346666 -248.845780 -255.497948 137.000000 139.000000 131.000000 7.500000 50.000000
 
-229.883871 -73.796702 -293.398149 137.000000 139.000000 131.000000 7.500000 50.000000
 
-114.757811 -388.076862 268.142210 137.000000 139.000000 131.000000 7.500000 50.000000
 
650.006918 -103.559073 -63.907665 137.000000 139.000000 131.000000 7.500000 50.000000
 
536.574980 -40.089082 -280.268798 133.000000 139.000000 126.000000 5.000000 50.000000
 
145.477308 709.603692 -59.083073 133.000000 139.000000 126.000000 5.000000 50.000000
 
624.296859 460.113104 1.445713 133.000000 139.000000 126.000000 5.000000 50.000000
 
107.199294 578.796682 -281.324444 133.000000 139.000000 126.000000 5.000000 50.000000
 
-411.078179 8.046531 342.402689 133.000000 139.000000 126.000000 5.000000 50.000000
 
723.007794 90.723290 28.223916 133.000000 139.000000 126.000000 5.000000 50.000000
 
470.249189 95.040490 620.298033 133.000000 139.000000 126.000000 5.000000 50.000000
 
-427.947799 107.248800 -84.545549 133.000000 139.000000 126.000000 5.000000 50.000000
 
-113.928286 -239.288594 -268.872336 133.000000 139.000000 126.000000 5.000000 50.000000
 
525.334927 -130.541916 491.267656 133.000000 139.000000 126.000000 5.000000 50.000000
 
340.272913 503.956200 554.771398 133.000000 139.000000 126.000000 5.000000 50.000000
 
-221.441316 34.628495 598.734537 133.000000 139.000000 126.000000 5.000000 50.000000
 
338.673320 702.082039 100.759100 133.000000 139.000000 126.000000 5.000000 50.000000
 
-379.574795 268.624346 -157.662842 133.000000 139.000000 126.000000 5.000000 50.000000
 
198.625482 677.209010 382.952054 133.000000 139.000000 126.000000 5.000000 50.000000
 
323.223558 -4.292643 -424.710647 133.000000 139.000000 126.000000 5.000000 50.000000
 
48.891098 -440.935831 254.841472 133.000000 139.000000 126.000000 5.000000 50.000000
 
491.018711 -177.256683 -237.048637 133.000000 139.000000 126.000000 5.000000 50.000000
 
476.789877 -86.248804 -311.117257 133.000000 139.000000 126.000000 5.000000 50.000000
 
442.502418 -214.315756 499.331260 133.000000 139.000000 126.000000 5.000000 50.000000
 
-417.925953 -61.750881 253.199364 133.000000 139.000000 126.000000 5.000000 50.000000
 
346.538582 559.354983 497.083497 133.000000 139.000000 126.000000 5.000000 50.000000
 
43.082613 -347.139843 465.974877 133.000000 139.000000 126.000000 5.000000 50.000000
 
-199.561163 332.781441 586.273643 133.000000 139.000000 126.000000 5.000000 50.000000
 
-184.957144 500.148839 -232.433775 133.000000 139.000000 126.000000 5.000000 50.000000
 
440.670341 446.953604 -286.920742 133.000000 139.000000 126.000000 5.000000 50.000000
 
190.360635 692.990053 -97.169843 133.000000 139.000000 126.000000 5.000000 50.000000
 
556.993499 279.284078 526.686773 133.000000 139.000000 126.000000 5.000000 50.000000
 
441.127948 -324.899154 -97.281756 133.000000 139.000000 126.000000 5.000000 50.000000
 
318.171217 126.517451 696.574979 133.000000 139.000000 126.000000 5.000000 50.000000
 
595.294701 257.574705 -234.156184 139.000000 133.000000 135.000000 5.000000 50.000000
 
-179.009372 637.041983 65.633445 139.000000 133.000000 135.000000 5.000000 50.000000
 
442.400848 -252.663669 480.270126 139.000000 133.000000 135.000000 5.000000 50.000000
 
-245.832002 458.185442 460.820133 139.000000 133.000000 135.000000 5.000000 50.000000
 
168.005857 -323.999676 -252.698280 139.000000 133.000000 135.000000 5.000000 50.000000
 
342.672646 460.445082 -324.670721 139.000000 133.000000 135.000000 5.000000 50.000000
 
421.390733 633.639500 -37.091733 139.000000 133.000000 135.000000 5.000000 50.000000
 
374.411986 -134.341738 -347.814242 139.000000 133.000000 135.000000 5.000000 50.000000
 
543.084681 447.979167 -177.255817 139.000000 133.000000 135.000000 5.000000 50.000000
 
255.756443 21.112045 -442.796693 139.000000 133.000000 135.000000 5.000000 50.000000
 
-404.802180 122.884018 -118.331513 139.000000 133.000000 135.000000 5.000000 50.000000
 
-88.121201 -168.401381 -331.447390 139.000000 133.000000 135.000000 5.000000 50.000000
 
-24.284712 453.371397 -345.312680 139.000000 133.000000 135.000000 5.000000 50.000000
 
669.742937 -48.674436 -77.852847 139.000000 133.000000 135.000000 5.000000 50.000000
 
-283.059545 -265.714960 286.301422 139.000000 133.000000 135.000000 5.000000 50.000000
 
-135.590740 203.942684 663.741015 139.000000 133.000000 135.000000 5.000000 50.000000
 
378.309976 332.975401 647.582261 139.000000 133.000000 135.000000 5.000000 50.000000
 
446.768902 253.417284 635.777376 139.000000 133.000000 135.000000 5.000000 50.000000
 
-240.677708 -66.416592 554.616325 139.000000 133.000000 135.000000 5.000000 50.000000
 
637.299241 87.883799 466.153129 139.000000 133.000000 135.000000 5.000000 50.000000
 
-15.934009 -90.546737 -399.810536 139.000000 133.000000 135.000000 5.000000 50.000000
 
-5.678490 -448.289855 100.791238 139.000000 133.000000 135.000000 5.000000 50.000000
 
-58.108550 695.891388 200.585859 139.000000 133.000000 135.000000 5.000000 50.000000
 
715.680913 -20.096942 71.750881 139.000000 133.000000 135.000000 5.000000 50.000000
 
470.727699 632.363626 159.345495 139.000000 133.000000 135.000000 5.000000 50.000000
 
657.172125 424.123005 217.128222 139.000000 133.000000 135.000000 5.000000 50.000000
 
523.075913 398.866787 511.564131 139.000000 133.000000 135.000000 5.000000 50.000000
 
598.804882 -245.368213 61.399961 139.000000 133.000000 135.000000 5.000000 50.000000
 
480.768202 -269.553111 -149.860472 139.000000 133.000000 135.000000 5.000000 50.000000
 
100.518889 191.186585 -460.930806 139.000000 133.000000 135.000000 5.000000 50.000000
 
305.263742 544.469871 -283.235471 140.000000 137.000000 125.000000 5.000000 50.000000
 
70.384096 -108.866087 667.865999 140.000000 137.000000 125.000000 5.000000 50.000000
 
283.274597 -187.401456 -358.979426 140.000000 137.000000 125.000000 5.000000 50.000000
 
197.174961 553.447556 553.138361 140.000000 137.000000 125.000000 5.000000 50.000000
 
586.254798 -259.637005 184.462102 140.000000 137.000000 125.000000 5.000000 50.000000
 
490.820491 -217.616660 458.424665 140.000000 137.000000 125.000000 5.000000 50.000000
 
510.842024 -124.715219 -267.404558 140.000000 137.000000 125.000000 5.000000 50.000000
 
94.147960 732.764535 70.573817 140.000000 137.000000 125.000000 5.000000 50.000000
 
5.394358 141.286934 -459.690468 140.000000 137.000000 125.000000 5.000000 50.000000
 
-274.685896 554.799233 241.100855 140.000000 137.000000 125.000000 5.000000 50.000000
 
-87.414043 490.480356 -303.175771 140.000000 137.000000 125.000000 5.000000 50.000000
 
48.702613 617.213621 -222.936295 140.000000 137.000000 125.000000 5.000000 50.000000
 
-5.508464 176.742626 705.730411 140.000000 137.000000 125.000000 5.000000 50.000000
 
439.071925 -325.673356 -112.674883 140.000000 137.000000 125.000000 5.000000 50.000000
 
-44.469991 694.664338 2.601843 140.000000 137.000000 125.000000 5.000000 50.000000
 
-420.183525 347.302629 80.646618 140.000000 137.000000 125.000000 5.000000 50.000000
 
496.922415 526.307348 409.686106 140.000000 137.000000 125.000000 5.000000 50.000000
 
384.617875 421.794360 593.032336 140.000000 137.000000 125.000000 5.000000 50.000000
 
-243.933695 -7.905700 -312.718239 140.000000 137.000000 125.000000 5.000000 50.000000
 
695.433114 149.587352 -101.573639 140.000000 137.000000 125.000000 5.000000 50.000000
 
-332.970229 197.266113 -239.235031 140.000000 137.000000 125.000000 5.000000 50.000000
 
-210.840749 -200.347908 -225.866296 140.000000 137.000000 125.000000 5.000000 50.000000
 
1.764966 -440.288383 37.654719 140.000000 137.000000 125.000000 5.000000 50.000000
 
559.975917 -17.078646 -274.849972 140.000000 137.000000 125.000000 5.000000 50.000000
 
241.061337 685.411900 -96.429434 140.000000 137.000000 125.000000 5.000000 50.000000
 
-242.237588 -161.444601 -228.306166 140.000000 137.000000 125.000000 5.000000 50.000000
 
626.348245 49.093178 465.202551 140.000000 137.000000 125.000000 5.000000 50.000000
 
622.640473 309.850977 436.738213 140.000000 137.000000 125.000000 5.000000 50.000000
 
547.091047 311.955667 529.558270 140.000000 137.000000 125.000000 5.000000 50.000000
 
105.340344 -245.697939 -335.804726 140.000000 137.000000 125.000000 5.000000 50.000000
 
